750
H 189 10 1857 119180 119203 120079 120227 120396 120397 7655938 7656449 7705345 
H 278 9 1857 118805 7615681 7619649 7672897 7694145 7717825 7730625 7737729 
H 404 13 1857 119328 119641 119820 120483 120916 7651393 7651649 7672257 7689537 7696705 7697153 7730945 
H 509 12 1857 119564 119895 120531 121057 7619009 7636801 7651457 7655426 7656130 7671873 7692290 
H 565 8 1857 118874 7602242 7623617 7632321 7635458 7705409 7745857 
H 584 10 1857 7604225 7606657 7616065 7622850 7623425 7627330 7636033 7636801 7704833 
H 648 12 1857 1869 119313 119505 120089 7602241 7619073 7628481 7639105 7657025 7671873 7708994 
H 649 5 1857 119302 119873 7655618 7708738 
H 723 14 1857 118817 119195 119827 120287 120655 7602177 7620033 7626882 7651649 7669569 7696450 7705282 7746050 
H 734 5 1857 7663873 7713026 7730369 7730497 
V 8 10 27 1857 119005 119238 119565 119763 119880 119885 120070 120143 120201 120517 120577 120579 120776 120838 121033 7623041 7623170 7627330 7639105 7647746 7651713 7656257 7665473 7688513 7712770 7721666 
V 856 982 26 1857 1858 1887 119002 119264 119393 119760 119823 120271 120397 120649 120795 7608257 7610626 7631809 7656130 7663874 7684481 7689025 7692546 7706817 7712897 7714433 7721410 7731265 7745921 
V 524 620 26 1857 1858 118980 119048 119116 119557 119820 119903 120207 120284 120517 7620417 7624129 7624257 7639105 7639873 7648065 7651713 7663682 7684226 7709889 7713793 7714433 7717570 7721345 7721665 
V 701 318 24 1857 1858 118883 119002 119395 119627 119773 120031 120196 120204 120212 120397 120463 7607297 7631105 7632065 7682049 7696514 7706305 7709953 7717058 7721410 7733953 7737602 
V 525 165 21 1857 118879 119109 119557 120150 120197 120199 120275 120513 120605 120776 121037 7603521 7651457 7669313 7681217 7692673 7708673 7717442 7721666 7739457 
V 124 657 19 1857 119001 119203 120513 7603137 7610434 7622722 7624641 7626754 7648257 7651842 7663745 7680450 7681281 7696897 7705537 7713089 7739009 7745921 
V 55 927 16 1857 1869 119315 120793 7603393 7606785 7632449 7634946 7635649 7647361 7647810 7672385 7684226 7705601 7706305 7745538 
V 666 237 13 1857 120008 120225 120544 7641153 7656130 7656257 7692289 7713026 7713537 7730817 7730945 7745538 
V 527 84 11 1857 119253 120140 120661 7627329 7627586 7665345 7692801 7710657 7721921 7737665 
V 884 750 11 1857 119248 120601 7614849 7619010 7622721 7623617 7663682 7682049 7692801 7745921 
H 254 13 1858 118977 119008 119171 120079 120196 120474 7628993 7648193 7671873 7688578 7710913 7721025 
H 319 8 1858 118979 119521 119887 120783 7618882 7627521 7721985 
H 329 13 1858 119298 119639 119763 120900 7607489 7610690 7641089 7651649 7672769 7681729 7684802 7729346 
H 333 5 1858 7602881 7604033 7668418 7745666 
H 491 7 1858 119197 119304 119377 119757 7651841 7696578 
H 504 12 1858 119755 119763 120863 120867 7602178 7603649 7610882 7612481 7630913 7721218 7745538 
H 728 14 1858 118997 119632 120260 120534 7612481 7618626 7623617 7626882 7669313 7671873 7673665 7689281 7708802 
H 732 14 1858 119362 120090 120794 7602178 7614849 7620161 7623617 7624641 7632321 7692737 7696897 7734849 7739073 
H 815 9 1858 119060 120079 120150 120532 7631297 7673665 7692546 7696833 
H 942 13 1858 119188 119365 120013 120277 120419 7612481 7647298 7647489 7655553 7684481 7689985 7696898 
H 976 6 1858 119174 7612609 7628225 7655745 7673153 
V 721 615 28 1858 1860 118788 118857 119065 119067 119112 119297 119623 119837 119884 119903 120017 120029 120393 120397 120646 120777 120864 121035 7606785 7607617 7632449 7655810 7664386 7672130 7721665 7734849 
V 150 513 26 1858 1865 119113 120012 120396 121047 7602370 7610434 7610626 7618946 7635394 7635458 7639873 7647234 7656833 7665345 7668161 7673089 7673409 7696450 7708673 7713026 7734081 7734273 7745601 7746050 
V 988 383 24 1858 1869 119115 119180 119389 119641 119899 120263 120282 120789 120912 7615169 7624705 7628481 7631234 7639042 7651713 7663618 7664386 7680514 7681665 7693505 7716994 7737601 
V 376 984 23 1858 118806 118979 119325 119371 119763 120395 120608 120857 121040 7610626 7631234 7651457 7651458 7655810 7655873 7656769 7668161 7673089 7696577 7696705 7705282 7713537 
V 355 838 19 1858 119131 119180 120150 120897 121033 7635649 7639361 7647234 7651713 7665281 7665345 7668162 7688961 7692546 7712770 7721409 7737410 7745921 
V 128 710 16 1858 1869 118796 118924 119008 121033 121056 7602370 7615681 7619393 7652929 7655681 7665601 7696961 7709378 7746113 
H 640 8 1859 119317 119775 120022 7627586 7721025 7729474 7734017 
V 32 953 22 1860 1872 118805 119115 119372 119639 120136 120452 7602881 7610945 7618626 7619585 7627330 7631169 7652097 7688450 7689409 7696450 7708673 7713793 7729922 7747393 
V 696 418 10 1860 1867 119001 120029 120224 120283 120864 7611969 7651714 7672897 
H 479 12 1861 119573 120391 120539 7615681 7616449 7622722 7628481 7664386 7684802 7729537 7737921 
V 49 674 24 1861 1869 118876 119072 119511 119873 120016 120396 120668 120788 120902 120928 7612353 7622722 7647234 7684865 7686081 7688258 7688898 7696449 7721025 7721090 7723009 7746113 
V 676 824 14 1861 1869 119248 119317 119509 119639 119824 119873 120260 7627586 7632513 7705345 7708673 7712770 
H 374 6 1862 120200 7615233 7619138 7636289 7665857 
V 995 521 28 1862 1869 1885 118851 118941 119047 119197 120474 120513 120675 120779 120865 7610945 7620673 7622722 7626881 7639425 7639617 7648065 7656193 7667905 7669313 7672897 7692609 7706305 7721410 7734465 7737666 
V 828 806 14 1862 1869 118806 118996 7602690 7612033 7622722 7626882 7647234 7655938 7656130 7680705 7721089 7746945 
H 780 5 1863 119073 120259 7619073 7627265 
H 260 14 1864 118979 119302 119317 119831 120002 120271 120481 120912 7603393 7680705 7689025 7704962 7747009 
H 865 9 1864 118989 119049 119376 119820 120541 7606785 7610626 7718657 
V 304 307 24 1864 1879 118980 119001 119008 119203 120220 120271 120393 120775 7610945 7610946 7632513 7651393 7651713 7667778 7669185 7688193 7688321 7708674 7721474 7723009 7745794 7745986 
H 725 14 1867 119251 119763 119873 119878 119880 120517 120643 7603201 7614849 7635329 7639169 7667841 7712962 
H 623 13 1868 118984 7602305 7618626 7618882 7619841 7623361 7672833 7680002 7685441 7709441 7733313 7738305 
H 342 7 1869 118985 119008 119873 7606786 7615297 7668993 
H 360 12 1869 119171 119372 120066 120130 120271 7602177 7614594 7622657 7623106 7631618 7673793 
H 362 9 1869 120282 7618881 7624321 7651393 7664194 7692993 7705154 7738753 
H 425 7 1869 118980 120131 120392 7665857 7745538 7746113 
H 702 7 1869 119507 120460 7615042 7622721 7657025 7673665 
H 792 12 1869 119180 119496 120409 120411 120783 7610370 7669185 7672066 7690433 7721729 7737794 
H 986 11 1869 118932 119177 119831 120457 7616129 7627330 7632449 7649345 7656257 7747329 
V 528 573 20 1869 1887 118998 119567 119880 120257 120795 121028 7603009 7610945 7612161 7619009 7620225 7636033 7651778 7655681 7664961 7697217 7705282 7745665 
V 958 758 18 1869 1884 118998 119245 119304 119907 120156 120867 7614913 7615233 7618946 7619649 7634946 7656513 7722241 7729857 7745666 7747009 
V 563 47 18 1869 1883 118921 119238 120028 120199 120451 121036 121047 7618946 7627330 7632065 7656897 7680577 7709442 7710913 7714881 7729985 
V 495 353 18 1869 1877 118996 119495 120480 120513 120532 7606850 7610562 7618946 7626818 7631618 7635458 7648705 7649473 7709249 7710721 7721090 
V 684 331 17 1869 119302 120539 120607 120777 121050 7606593 7615297 7619073 7635010 7636801 7641089 7685825 7692994 7704833 7713282 7718657 
V 603 980 10 1871 1885 119200 119557 119831 120207 7602178 7612481 7651713 7729346 
H 127 14 1872 118795 118992 119827 120193 120201 121035 7603201 7611777 7651906 7672897 7681217 7730817 7733570 
V 599 390 16 1873 1888 118923 119120 119831 120545 120667 120779 120783 120847 7631618 7681729 7696769 7710529 7721025 7745537 
H 736 11 1875 118941 119632 120065 120277 120474 7606529 7616129 7656897 7689473 7721089 
H 939 13 1875 118979 120602 7615169 7623617 7626881 7627138 7631297 7631873 7656385 7712770 7721666 7729921 
V 814 797 28 1875 1887 118880 118938 119071 119173 119238 119629 120460 120609 121033 7602241 7616193 7618882 7631297 7632513 7635074 7639169 7640001 7653313 7656897 7669825 7672194 7680194 7680514 7680577 7684610 7710913 
H 446 8 1876 118796 118979 119493 119877 120070 7647938 7672513 
V 673 69 12 1876 118796 118927 119173 119379 120277 121030 7639809 7639873 7690433 7693889 7723009 
H 113 14 1877 119313 119319 120134 120141 120602 120653 7627329 7639873 7640257 7647618 7651713 7709185 7718849 
H 139 12 1877 119072 119203 120073 121047 7639617 7664386 7673665 7708929 7729281 7746497 7747393 
H 314 14 1878 119873 120021 120514 120788 7602241 7611777 7632449 7647426 7696642 7721666 7729665 7737730 7746113 
V 475 200 26 1878 1881 118804 119236 119554 119651 119820 119899 119901 120135 120260 120785 120788 121033 121051 7614529 7619329 7639873 7655810 7663617 7672577 7708674 7723009 7733313 7734081 7737345 
V 152 445 10 1879 1887 120199 120532 7628481 7632641 7651713 7712898 7731137 7747393 
H 549 11 1882 119620 119644 120080 120652 120912 7607042 7610626 7639618 7692546 7692801 
V 572 518 22 1883 1885 118980 119060 119203 119297 119372 119907 120001 120070 120271 120528 120602 7606465 7627777 7635714 7647361 7656897 7673409 7688513 7688898 7721474 
H 4 12 1885 120395 120535 7611777 7620417 7628481 7635522 7640705 7689025 7718081 7729665 7745793 
H 11 12 1885 120087 120277 7604033 7620225 7632321 7639617 7672193 7684866 7705026 7723073 7734721 
H 19 13 1885 118860 119072 119623 119895 120070 120769 7633089 7651329 7656449 7672513 7697090 7709377 
H 62 8 1885 119119 120459 120517 120913 7635649 7704770 7733570 
H 167 11 1885 119181 119564 119636 120209 120642 7618753 7631426 7689025 7694017 7717569 
H 209 7 1885 120207 120795 7606785 7672833 7688513 7688642 
H 298 7 1885 120662 7604033 7639041 7672513 7672577 7746241 
H 588 14 1885 118804 119264 119880 120395 7618882 7631041 7636289 7647809 7665729 7692801 7706049 7713089 7729921 
H 613 11 1885 118863 118864 119298 119380 119816 120260 121033 121049 7632577 7708801 
H 680 7 1885 120133 120481 7619394 7636801 7663874 7717442 
H 754 9 1885 118850 119237 119510 121041 7602178 7619009 7627330 7672577 
H 779 14 1885 118876 119885 120513 120603 7606658 7610434 7622722 7651586 7655745 7684226 7705601 7721729 7735233 
H 878 10 1885 119062 119899 7608257 7610497 7611073 7622850 7651842 7681729 7713026 
H 963 12 1885 119507 120025 120652 7606658 7618626 7626753 7628481 7639809 7640769 7684673 7737601 
V 543 511 28 1885 1887 118998 119197 119625 120201 120277 120899 7602881 7606785 7608257 7610434 7624641 7626882 7631553 7632513 7639298 7640833 7641281 7648065 7656257 7664322 7672193 7673409 7680513 7698497 7722561 7733761 
V 288 465 18 1885 118796 119185 119510 119563 119899 120271 7632065 7647618 7663617 7668098 7669569 7681345 7684481 7696897 7713153 7718721 7721089 
V 95 753 18 1885 118796 118851 119493 120009 120134 120535 120662 120789 7607873 7615233 7616193 7647937 7684865 7688385 7709953 7712770 7721089 
H 74 6 1887 120465 7672577 7673601 7680257 7706049 
H 100 8 1887 119567 120788 7656257 7680257 7709249 7738945 7745794 
H 349 12 1887 118864 119876 120455 120541 120795 121046 7615233 7616449 7618882 7684609 7734721 
H 663 10 1887 118876 119238 119746 120397 120859 7602177 7608257 7619969 7730945 
H 923 12 1887 120460 120608 121040 121047 7618946 7647554 7651393 7663746 7688642 7704706 7745665 
H 25 10 1888 118934 120279 120783 7608257 7627137 7663874 7680577 7713089 7729857 
H 202 11 1888 118997 120396 120648 7618626 7635457 7648065 7685057 7729346 7729921 7746050 
H 468 13 1888 118880 119130 119558 120259 120396 120673 7620033 7640257 7647937 7655681 7684482 7705601 
H 567 14 1888 118876 119746 120134 120580 120596 120769 121033 7607937 7628353 7639233 7672193 7718593 7747393 
H 830 12 1888 118811 119240 120669 120864 120902 121033 7602241 7607489 7689921 7718849 7733313 
H 855 12 1888 7604033 7608257 7620801 7624705 7652545 7672066 7682049 7684481 7710721 7745665 7746817 
V 256 481 26 1888 118789 118851 118998 119005 119263 119891 120479 120517 120897 120900 7610626 7614849 7614850 7619394 7624385 7627202 7632129 7635329 7663618 7689025 7692674 7705346 7713089 7722369 7737793 
V 474 252 20 1888 118796 119002 119240 120029 120211 120476 120785 7607873 7616193 7618626 7619394 7626817 7630913 7631553 7635457 7639106 7688513 7729474 7745665 
V 789 919 16 1888 1889 118876 118923 119002 119200 119567 7610626 7615170 7615234 7632129 7680257 7689025 7689153 7697985 7734273 
H 125 14 1889 118934 119321 120541 120903 7611777 7627330 7632321 7651650 7657089 7665857 7672066 7709249 7737793 
H 186 7 1889 119109 119188 120025 120596 120653 7721473 
V 58 720 14 1891 118812 119300 119504 120207 121056 7603201 7628865 7636737 7652673 7672833 7709058 7716993 7718465 
V 290 350 20 118785 118810 120019 120395 120513 120644 7614529 7622721 7622722 7635457 7636289 7639617 7641025 7647234 7657153 7692801 7704962 7706049 7713089 7745922 
H 192 5 118786 119180 119368 7635458 7673089 
V 280 816 16 118787 118851 118864 118996 120207 120579 120924 7603137 7614785 7616129 7627777 7630913 7632449 7655489 7684865 7692801 
H 516 10 118790 120134 121047 7614722 7620417 7655810 7689025 7709185 7710913 7733762 
H 194 5 118791 7688642 7721921 7737601 7745538 
V 395 548 12 118791 118796 119302 119618 119840 7622721 7653121 7665665 7672066 7681793 7723201 7745666 
V 490 30 22 118792 118796 118874 119251 119493 119516 119895 120277 121027 7610433 7610497 7616193 7647426 7663617 7674049 7689217 7693505 7694401 7705282 7709378 7712897 7746817 
H 98 11 118793 118876 119554 119877 120523 120532 120788 7619137 7636801 7685953 7745665 
V 408 553 28 118793 118795 118928 118941 118984 119106 119236 119331 119519 120070 120134 120193 121047 7606465 7606785 7611777 7619330 7627586 7663873 7669569 7689217 7693505 7696450 7721474 7734721 7737601 7737793 7745985 
V 44 413 26 118793 118796 118851 118937 118998 119067 119073 119125 119263 119875 119884 120150 120397 120608 121045 7606529 7606657 7607617 7618626 7627713 7632129 7636033 7669313 7680257 7680705 7694081 
V 783 253 10 118795 118806 119313 119775 120220 7681409 7682113 7685825 7721089 7745922 
H 3 10 118796 118913 120131 120220 7614785 7635649 7667714 7710273 7710913 7734081 
H 89 12 118796 119263 119380 119493 119899 7635905 7655746 7681473 7709249 7713026 7717953 7729217 
H 136 7 118796 118876 119880 120390 7657665 7685825 7688705 
H 315 7 118796 119240 119318 120772 7635329 7692290 7729730 
H 650 10 118796 119172 119265 120520 120665 7622785 7623617 7663874 7664386 7721089 
H 852 9 118796 118925 119238 120097 7622850 7628993 7657025 7684865 7713026 
H 889 13 118796 118941 119510 119874 120201 120271 120460 120608 7624641 7656257 7656897 7684610 7686209 
H 924 13 118796 118985 119493 120147 120543 120608 120912 7614849 7652033 7656194 7704833 7721025 7721089 
H 966 6 118796 119761 120795 7622721 7686209 7705857 
V 31 26 26 118796 118803 118860 118934 119002 119200 119235 119258 119393 120012 120199 120219 120769 7615873 7619330 7619969 7622914 7639873 7668226 7668290 7681729 7684865 7717570 7720961 7730945 7746113 
V 96 168 18 118796 118807 119045 119056 119623 119753 120787 121051 7602690 7604033 7614913 7623106 7657025 7706049 7708673 7722241 7723009 7729666 
H 592 6 118797 7632449 7641281 7649473 7663681 7671873 
H 790 7 118799 119181 120085 7626882 7651393 7655745 7738305 
H 606 13 118800 118812 119203 119491 120199 120581 120646 7626882 7635650 7647618 7668929 7673409 7698049 
H 877 13 118800 118918 119317 120915 7602177 7656705 7664641 7689025 7696897 7697154 7710273 7721410 7737665 
V 372 91 28 118800 118812 119067 119510 119519 119827 120029 120079 120199 120285 120465 120646 7614977 7615745 7616065 7628481 7653377 7656897 7664386 7669569 7672897 7690433 7706305 7729345 7733313 7737601 7737666 7746050 
H 550 14 118801 118851 118934 118980 119002 121047 7611777 7615233 7651457 7664386 7668034 7696705 7696769 7733954 
V 130 703 24 118803 118849 118941 119056 119203 119305 119317 119385 120777 120921 7618946 7623617 7623745 7635138 7639617 7653313 7693313 7717313 7718721 7721474 7733825 7734913 7746050 7747393 
V 93 583 22 118804 118812 118992 119001 119005 119067 119112 119263 119377 119759 120217 120218 120788 121050 7610497 7618625 7622850 7632513 7648705 7663874 7692801 7705345 
H 505 5 118805 119195 120079 7631233 7639873 
H 433 12 118809 119641 120007 7603649 7606529 7622722 7626881 7635458 7639169 7651585 7708865 7746113 
H 555 13 118809 118813 119495 7632449 7649281 7663874 7673537 7681857 7684481 7706241 7713026 7722305 7733761 
V 991 740 26 118811 118812 118880 119317 119558 119621 119627 119883 120271 120391 120397 120649 120796 120840 7606529 7606721 7620673 7632449 7632513 7639617 7684610 7693697 7705601 7710273 7718849 7737922 
H 287 13 118812 119073 119827 120215 120663 120860 7647618 7680514 7692546 7718849 7730561 7734657 7745665 
H 312 7 118812 119386 120275 120479 7672066 7681217 7685825 
H 358 9 118812 118980 7623041 7648065 7651457 7668162 7669313 7692290 7729218 
H 627 11 118812 118978 119195 119319 7614658 7696450 7705282 7720962 7729346 7730945 7745921 
V 853 285 22 118812 118819 119055 119519 120027 120271 120393 120517 120785 7603137 7616193 7620417 7626818 7631362 7635266 7682241 7684865 7718657 7729922 7730945 7734081 7737793 
H 693 8 118815 118988 119575 7653313 7681089 7708866 7718273 7721474 
V 636 608 14 118816 118851 118870 120271 121039 7606785 7624641 7648641 7665345 7668418 7717570 7729921 7733378 7737601 
H 532 11 118817 118996 119008 119317 119779 120023 7602177 7627073 7698625 7733761 7745666 
H 149 13 118819 119647 120032 120260 120483 120777 120795 7627073 7628097 7648065 7665857 7694017 7745666 
H 514 8 118849 119302 119746 120534 7619393 7635649 7665473 7729281 
H 708 10 118849 119495 119773 120003 7615233 7680514 7688641 7717314 7745794 7747649 
V 339 88 28 118850 118851 118941 119169 119297 119831 120201 120207 120208 120474 7603393 7608257 7610434 7614785 7616193 7619394 7639234 7639489 7640513 7672066 7681793 7684226 7697985 7705601 7706433 7713985 7729537 7733377 
V 190 79 10 118850 118856 119308 119899 120006 120397 120602 7628481 7639106 7653185 
H 24 8 118851 120659 120903 120912 7627329 7630913 7704962 7709249 
H 187 13 118851 119002 119197 119507 119819 120525 121056 7619073 7632641 7688385 7709250 7713857 7734721 
H 217 14 118851 118869 119047 120193 120463 120587 7611777 7623617 7656002 7656897 7705153 7710913 7713026 7721153 
H 429 12 118851 118873 119311 119325 119514 121028 7602241 7602881 7668034 7685121 7729857 7734273 
H 860 11 118851 120259 120598 7614658 7619137 7623041 7657409 7681217 7682049 7709889 7717442 
H 888 10 118851 120278 120285 120545 7620225 7622721 7657025 7684610 7737409 7738561 
H 936 11 118851 118880 120273 120460 120769 120852 7647234 7653313 7684865 7729921 7735297 
V 873 415 26 118851 118876 119180 119264 120004 120005 120275 121056 7614529 7615937 7616193 7618562 7620225 7623617 7653313 7655938 7657153 7672897 7680705 7696705 7697857 7706049 7709185 7718081 7730753 7746817 
V 765 99 24 118851 118857 118874 118876 118984 119001 119767 120258 120521 120659 7610497 7610562 7611777 7616193 7619393 7630913 7635649 7639554 7656257 7663874 7708994 7713281 7733954 7737345 
V 188 147 22 118851 118857 118874 119236 119297 119648 119815 120131 120223 120585 7614977 7632321 7632513 7635393 7636033 7682113 7684226 7684801 7705026 7708801 7710913 7747393 
V 6 18 20 118851 118852 119388 119751 120139 120545 7610817 7610945 7614658 7622658 7623106 7624385 7639809 7652034 7680386 7688321 7706817 7713089 7713282 7718849 
V 752 788 12 118851 118864 120008 120193 120451 120651 7602241 7604225 7622722 7631809 7665473 7672833 
H 799 13 118852 119072 119558 119564 7619330 7619969 7622721 7627969 7631169 7689025 7717057 7731265 7746113 
V 469 837 28 118852 118857 118943 118996 119264 119316 119567 119880 119907 120012 120644 120646 120777 7602881 7615233 7620417 7623681 7631234 7632321 7636545 7640897 7651841 7689025 7708673 7709378 7712770 7713537 7733313 
H 245 10 118853 119176 120539 120834 120837 120858 7603137 7608257 7619394 7664705 
H 21 11 118854 120777 7604161 7614658 7619777 7623041 7631106 7664961 7668417 7669761 7690433 
H 719 9 118855 118934 118993 120396 7668418 7668482 7689985 7708801 7721025 
V 432 0 14 118855 118857 118869 119008 119814 120535 7635329 7635649 7655681 7655810 7669569 7680705 7694529 7733570 
H 70 11 118857 118980 119827 120396 120788 7620225 7624385 7635458 7668161 7681793 7685377 
H 241 14 118857 120539 7607489 7628993 7639809 7647234 7648705 7664449 7665857 7680193 7692290 7704769 7709250 7729346 
H 320 13 118857 118996 119489 120262 7604033 7606657 7648001 7656449 7672194 7689921 7696385 7718657 7737793 
H 378 7 118857 7669569 7681793 7705345 7705793 7721730 7729665 
H 497 14 118857 118939 119203 119554 119820 120278 121040 7639873 7651457 7657665 7710721 7710913 7714433 7721409 
H 570 10 118857 120084 120460 7611777 7652289 7664321 7692290 7713089 7738433 7746625 
H 594 11 118857 119363 120087 121033 7603521 7607489 7615681 7634946 7680257 7733570 7734273 
H 712 11 118857 119236 119300 120275 7607489 7622721 7626882 7672386 7688385 7692546 7737601 
H 997 8 118857 119180 119889 7614529 7615170 7618882 7635457 7706049 
V 470 409 28 118857 118864 119171 119201 119328 120597 120608 120769 120803 7606657 7610626 7614722 7616193 7620417 7622850 7635458 7656257 7656449 7672897 7680001 7696897 7705665 7709185 7709249 7709378 7714369 7729665 7737793 
V 458 670 26 118857 118876 118915 119124 119241 119564 119880 119884 120148 120259 120580 120601 120769 120770 7608129 7632321 7635329 7647234 7663874 7669313 7672513 7680705 7689921 7696577 7705282 7730177 
V 156 612 22 118857 118867 119172 119180 120201 7602241 7614529 7623362 7627330 7668225 7668418 7671873 7672833 7686081 7688385 7705345 7717697 7722241 7735233 7738305 7745602 7745666 
V 737 695 20 118857 118865 120465 7608257 7610434 7614977 7618626 7624641 7626882 7631681 7635649 7639105 7649473 7681793 7693505 7696705 7705090 7718529 7721666 7737345 
V 206 343 14 118857 118874 119507 119573 119763 119820 120199 120516 7612481 7623681 7627330 7627586 7640129 7733569 
V 945 53 10 118857 118880 119899 119903 120021 120134 7610626 7614658 7655810 7737922 
H 950 13 118859 118984 119109 119236 7620545 7623873 7624641 7626945 7641153 7651778 7656897 7729474 7737729 
H 994 13 118859 118924 119002 119632 119641 120838 7607106 7614914 7624257 7672897 7688513 7729858 7745665 
H 23 12 118860 118876 119236 119746 120662 7603010 7618562 7639362 7667842 7684226 7721025 7747393 
H 654 13 118861 118998 119510 119637 120075 120541 7610626 7624705 7656130 7685313 7692801 7704898 7733634 
H 41 10 118864 120474 120532 7618690 7622849 7668418 7708865 7710337 7713346 7746113 
H 389 11 118864 119120 120131 120207 120476 7608065 7616193 7635138 7655618 7664385 7721281 
V 455 137 24 118864 118876 119002 119317 119557 119907 120271 120513 7602241 7602625 7606850 7608257 7624641 7639298 7651457 7657025 7657217 7689217 7689921 7692546 7705282 7709122 7717249 7729154 
V 82 717 14 118864 118874 119067 119649 120134 120396 120460 7615233 7631234 7636289 7653377 7671873 7712834 7737345 
V 909 659 12 118864 118876 119519 120651 7614786 7622722 7680066 7681729 7685825 7689985 7709058 7710913 
H 282 5 118865 119507 120273 120483 7682049 
V 862 891 22 118867 118880 118992 119002 119113 119185 120215 120268 120543 121051 7606466 7616577 7631426 7649473 7672258 7681217 7682049 7684226 7688513 7692546 7713538 7747009 
H 854 6 118868 118874 120289 120643 7602178 7664002 
H 462 11 118871 120129 120602 120788 7602881 7622850 7631234 7656002 7656833 7737601 7737793 
V 169 847 28 118871 118876 119567 119749 119820 120073 120085 120775 120785 121051 7606657 7618626 7618753 7628481 7632321 7639361 7647618 7656897 7668418 7672513 7672833 7673025 7684417 7685825 7692546 7705601 7713089 7718849 
V 643 937 22 118871 118876 118880 118941 118943 118992 119073 120193 120271 120513 7655681 7656130 7684161 7689217 7704898 7706305 7709185 7718337 7723009 7745921 7746113 7746945 
H 240 8 118874 119120 119578 119815 120288 7603521 7622721 7692545 
V 714 751 26 118874 118876 118913 118980 119069 119174 119201 119299 119555 119643 120150 120268 120397 120852 120864 7604033 7610945 7612225 7620545 7627138 7635329 7665473 7668034 7694273 7705345 7710657 
V 160 61 18 118874 118880 119764 119831 120198 120275 120649 120900 7611841 7639554 7648641 7655681 7665857 7705601 7708673 7709377 7709378 7723201 
H 364 12 118875 120275 120463 7610497 7619394 7624321 7651457 7709185 7709378 7713089 7730113 7745665 
H 457 12 118875 120029 120479 7606465 7635073 7680514 7684546 7692610 7706049 7722241 7729346 7745538 
H 541 12 118875 119185 119187 119307 119811 120021 120220 120277 120527 7627202 7684481 7698369 
H 140 8 118876 119776 120517 7612097 7639617 7639873 7685953 7692610 
H 839 8 118876 7615233 7641153 7651393 7672577 7684865 7692482 7708673 
V 769 996 18 118876 118880 118934 119373 119493 119892 120083 120215 120455 120769 7604225 7635649 7651394 7668418 7680705 7708673 7713793 7738305 
V 577 46 16 118876 118934 119317 119519 119746 120474 120514 7602753 7639169 7655809 7657281 7665345 7685953 7713154 7721474 7737601 
V 118 471 28 118877 118913 118985 118987 119009 119185 119245 119495 119564 120139 120275 120769 121056 7602177 7606978 7611137 7615809 7624705 7626882 7627073 7630977 7631234 7688194 7688513 7694529 7704833 7714817 7738305 
H 90 12 118879 119873 120193 120535 7614785 7624641 7627329 7655938 7681729 7710657 7716866 7721666 
H 216 13 118880 119815 120260 120513 120662 120775 7604033 7631234 7631618 7655681 7682113 7733569 7747521 
H 351 6 118880 119377 121047 7635330 7684225 7698625 
H 560 8 118880 120077 7631234 7635649 7640705 7680449 7729282 7733313 
H 576 13 118880 119647 119880 120392 7603585 7614721 7635649 7652801 7672833 7710913 7717953 7733570 7745537 
H 809 7 118880 120845 7622722 7631042 7672193 7693889 7713537 
H 921 10 118880 120079 7610434 7614785 7632321 7655617 7672193 7681217 7706049 7712770 
V 52 482 24 118880 118917 118934 119001 119061 119564 119567 119771 119880 120592 120791 121047 7606657 7612481 7615169 7623041 7640833 7647234 7648001 7657025 7664065 7684865 7729409 7729665 
V 273 365 20 118880 118913 119389 119773 7603201 7606529 7606785 7614785 7615169 7635714 7648065 7671809 7672065 7680514 7692290 7698113 7721538 7729921 7733313 7745921 
V 123 711 18 118880 118921 118935 118998 119130 119777 119884 7602177 7614722 7647234 7656193 7688577 7693505 7709761 7713537 7730369 7746945 7747329 
V 291 117 12 118880 118913 119763 120275 7620673 7639233 7656897 7668161 7710273 7717122 7721025 7734273 
V 568 324 10 118880 118941 120534 7606785 7620417 7672577 7684481 7708994 7730753 7737665 
V 625 144 22 118881 118920 119199 119583 120029 120076 7602561 7602882 7611777 7622722 7623489 7640705 7649345 7655617 7665857 7681409 7706305 7708674 7718529 7721410 7730817 7735105 
V 158 910 14 118881 118913 119307 119377 120540 120777 120855 120907 7664386 7665345 7671810 7685313 7713026 7746113 
H 87 13 118913 118984 119001 120155 120193 120459 7627586 7639873 7656449 7668161 7673665 7680257 7737666 
H 164 6 118913 119073 120867 7651713 7680130 7681665 
H 561 13 118913 119513 119564 119895 120214 7610754 7616129 7620225 7635457 7635458 7653057 7663874 7673665 
H 746 13 118913 118996 119301 119495 119751 119907 120646 7614722 7649217 7663617 7665345 7692418 7705282 
V 552 634 12 118914 118920 119639 120029 120207 120259 7614465 7640833 7684290 7685825 7708994 7721474 
H 998 10 118916 119042 119180 119636 120405 7614529 7616065 7664386 7681217 7729921 
V 805 943 20 118917 118979 118984 118985 119184 119255 119747 119764 120260 120545 120789 7602178 7639810 7640641 7655681 7665857 7673665 7692546 7693505 7718657 
V 801 903 22 118918 118920 118938 118980 119046 119564 119623 119763 120001 120259 120397 120481 121056 7619073 7648897 7652034 7655681 7682113 7685953 7708737 7735233 7737601 
H 777 12 118919 119112 119507 120021 120150 120653 120795 7624257 7640065 7688642 7708801 7729154 
H 267 9 118924 119507 120592 120776 7631681 7689921 7708994 7722241 7745538 
H 208 11 118925 119264 120524 120785 7618753 7628993 7657537 7657665 7668418 7673409 7714113 
H 436 10 118925 119203 120035 7606657 7619009 7636033 7664065 7680257 7684098 7729282 
H 42 5 118927 119304 119884 120009 120391 
V 183 242 28 118928 118941 118987 118992 119075 119244 119362 119815 120451 120653 120661 7623426 7628737 7630913 7631234 7632961 7634946 7637057 7639105 7653377 7673601 7681217 7692546 7709185 7718081 7718593 7721665 7733249 
V 375 163 18 118929 118941 118993 120463 120867 7603137 7620673 7631234 7692610 7696834 7704962 7709378 7712770 7714369 7721730 7738050 7738305 7745921 
V 185 946 12 118931 118979 119109 119197 119501 120089 120148 120277 7606529 7616193 7636033 7656130 
V 368 537 24 118932 118979 119068 119129 119180 119313 119319 119811 119898 120004 120259 120465 120517 121057 7640449 7663745 7672577 7705025 7706305 7708993 7710017 7710785 7714625 7723009 
H 311 9 118933 7618882 7631297 7651713 7665345 7668161 7693505 7697217 7712961 
H 111 10 118934 119001 119573 119815 120137 120460 7639617 7641089 7709953 7739585 
H 239 7 118934 120476 120769 7622849 7635457 7669313 7680514 
H 313 12 118934 119510 7603905 7614593 7614785 7614849 7615041 7619585 7622850 7655618 7663745 7745665 
H 472 14 118934 120071 120601 7603393 7610562 7611393 7614849 7641153 7648001 7680257 7694145 7697985 7712962 7729729 
H 485 12 118934 119188 120079 120779 7611329 7649025 7653313 7668098 7672193 7672513 7709186 7735489 
H 499 11 118934 119008 119752 7602177 7620033 7620673 7623490 7624257 7681793 7696450 7745730 
H 899 12 118934 119001 119067 119510 120656 120785 120795 121040 7631618 7669313 7685825 7722753 
V 735 386 26 118934 118941 119073 119180 119557 120012 120096 120260 120539 120592 120851 120854 120907 7619393 7622721 7624641 7632129 7651713 7655810 7656833 7681793 7684865 7705282 7716994 7717249 7729154 
V 675 345 22 118934 118941 119238 119507 119625 119766 119888 120079 120528 120541 120795 121056 7603521 7607361 7647234 7651905 7681729 7684162 7705281 7706049 7709185 7745666 
V 437 609 20 118934 118979 119005 119257 119315 119635 121040 7604033 7614658 7618946 7619969 7620673 7636801 7663617 7682113 7684226 7686209 7694017 7722305 7747393 
V 545 385 16 118934 118944 119392 119810 119899 120513 121045 7602369 7619394 7622722 7631234 7651457 7652673 7708673 7709185 7737793 
V 246 637 14 118934 118980 119174 119519 120278 120479 7602626 7606785 7610497 7619009 7631617 7636289 7672193 7708993 
H 757 12 118935 119189 119248 120008 120532 120653 120867 7606657 7622722 7672002 7692865 7729857 
V 947 129 22 118935 118941 119001 119109 119180 119189 120150 120215 120541 120662 7610497 7614722 7615041 7622721 7640705 7648897 7656833 7656897 7688642 7696450 7705601 7721665 
H 247 13 118937 119174 120193 120205 120608 7606850 7614657 7624705 7630913 7631681 7640833 7664065 7733313 
H 302 12 118937 119195 119617 119895 120079 120275 7603393 7606465 7610562 7627009 7648705 7657025 
H 380 7 118938 119061 119184 7606337 7608257 7673025 7713537 
H 786 9 118939 120769 120897 7606785 7615233 7623617 7692610 7704705 7729154 
H 109 14 118940 118998 119746 120130 120843 121047 7603265 7610626 7635457 7664897 7706049 7706305 7709249 7733761 
H 38 13 118941 119264 119493 119643 120277 120592 120777 7615233 7656130 7657025 7663810 7673409 7681793 
H 316 6 118941 119519 120397 7619329 7656897 7697217 
H 776 8 118941 119311 119825 120208 120772 120909 7631681 7705345 
H 880 12 118941 119008 119185 120395 120928 7611777 7620801 7623234 7655425 7672193 7680257 7681729 
H 926 11 118941 119302 119835 120070 7602178 7607233 7611649 7615041 7663681 7672577 7721985 
V 817 617 26 118941 118979 119302 119501 120277 120396 120788 7603265 7603393 7603521 7606529 7614658 7618754 7619393 7620673 7627202 7632449 7636033 7664386 7671873 7690241 7696450 7696833 7713026 7717442 7722241 
V 868 57 14 118941 118980 119238 120001 120587 7614658 7647297 7680514 7692738 7696641 7706049 7730625 7733761 7737793 
H 870 10 118944 119238 120547 120904 120922 7619585 7619969 7630849 7648833 7710529 
V 861 795 28 118944 118991 118992 119519 119773 120201 120479 120657 120777 120907 7602177 7602178 7604033 7610625 7615169 7616193 7632129 7635457 7648002 7648321 7651457 7653313 7656257 7672066 7673089 7696961 7709249 7729154 
V 97 902 10 118945 118996 119053 120201 120541 7632577 7648705 7689921 7718721 7745538 
H 78 14 118947 119067 119328 120204 120211 120395 120597 7608513 7663745 7671873 7672322 7680257 7688897 7713025 
H 50 13 118977 118992 119831 120130 120513 120539 7619266 7627266 7628481 7648065 7705345 7712833 7738305 
H 181 13 118977 119641 120215 120288 120534 7610753 7648193 7656897 7685825 7697857 7721665 7745538 7745666 
H 210 5 118979 119558 120539 120578 7619394 
H 258 6 118979 119001 119377 120209 7610561 7729729 
H 406 9 118979 119904 120070 7602433 7618946 7619394 7656257 7705345 7729153 
H 423 12 118979 119067 119495 119873 120137 120207 7632065 7635265 7635458 7639617 7656130 7673409 
H 508 13 118979 119072 120607 120864 7608513 7619394 7622914 7635266 7672193 7673793 7692546 7709953 7746817 
H 539 12 118979 119361 119495 119496 120389 7610945 7619394 7620417 7649345 7651649 7692865 7706305 
H 656 8 118979 118985 119622 7653313 7709057 7713089 7721154 7747585 
H 688 11 118979 119001 119380 119560 119561 120649 7606465 7616129 7616577 7684226 7730945 
H 756 12 118979 119557 119880 120207 120284 7611202 7631618 7632065 7680577 7684417 7721665 7722753 
V 841 653 22 118979 118980 119049 119203 119297 119489 119893 120417 120539 7618626 7620673 7623042 7652098 7656130 7669313 7673665 7688386 7688897 7710465 7721665 7746050 7747393 
H 35 11 118980 118981 118996 119619 120795 120799 7602881 7615169 7628481 7692290 7692801 
H 154 14 118980 118993 119575 120463 120662 120931 121059 7620225 7639106 7673089 7680577 7681729 7696514 7706049 
H 265 11 118980 119834 120134 120788 7614785 7619330 7624705 7668929 7672130 7689025 7722433 
H 460 9 118980 119126 119510 119571 120672 7668289 7692801 7708994 7729665 
H 502 10 118980 118984 119240 119493 120259 7602305 7616449 7620033 7672577 7689921 
H 823 7 118980 120019 120277 7624001 7684865 7689025 7729665 
H 962 14 118980 119170 120029 120541 7619009 7619073 7627202 7689985 7708994 7721025 7721346 7722945 7733441 7747393 
V 726 394 24 118980 118984 119313 119369 119564 119755 119772 119873 119903 120134 120275 120517 120777 120785 7616065 7623617 7627330 7627586 7635457 7663682 7672897 7680258 7690241 7723009 
H 641 11 118981 119124 119647 120204 120864 7623041 7640705 7664386 7685761 7704833 7705601 
H 895 7 118981 120584 7603521 7610434 7628993 7693505 7696450 
V 86 700 12 118982 118995 119639 120004 120665 7631681 7635138 7657473 7657665 7680257 7704770 7709249 
V 957 876 18 118983 118992 119763 120003 120483 120605 120769 7603265 7610497 7614658 7620033 7630913 7637057 7672833 7673409 7684097 7689537 7704705 
H 120 10 118984 120201 120271 120513 120529 121040 7616577 7628033 7684865 7746945 
H 225 9 118984 119380 120150 120395 120539 120541 120864 7718529 7718913 
H 235 6 118984 119820 120021 120583 7688897 7721729 
H 381 13 118984 119108 119573 119753 119839 120604 120776 120847 7612481 7623041 7637057 7684481 7745794 
H 397 6 118984 7611585 7618882 7624641 7631618 7696513 
H 611 7 118984 119245 119507 120157 120407 7632449 7640705 
H 741 6 118984 119245 119873 7602881 7635649 7672897 
H 845 10 118984 119172 119177 120275 120386 120867 7607489 7618626 7647490 7664065 
H 848 6 118984 119108 119573 120272 7603137 7624449 
V 195 155 26 118984 118992 119116 119245 119377 119632 119756 119831 120389 120535 120539 7602178 7602754 7603010 7607617 7615233 7627841 7632449 7635969 7673665 7684289 7705345 7708738 7713089 7722241 7745666 
V 76 492 18 118984 118992 119008 119172 119200 119236 119302 120413 120481 120541 7610945 7611777 7618946 7620673 7663682 7688513 7718529 7745665 
V 366 218 16 118984 118992 119827 119828 120148 120781 120863 7603393 7619073 7648705 7668098 7681793 7692290 7706561 7713282 7718145 
H 166 12 118985 119005 119315 7602178 7602498 7603393 7612481 7635713 7647298 7655874 7684289 7685825 
V 581 262 28 118985 118992 119304 119318 119510 119831 119899 120260 7604033 7608257 7615233 7626753 7635714 7639873 7651778 7663745 7664065 7665089 7672577 7680514 7685505 7688642 7696833 7714753 7723009 7723201 7729346 7745666 
V 885 522 26 118985 118992 119049 119171 119197 119238 119520 119755 119763 120159 120207 120652 121047 7614593 7619969 7635201 7649217 7651330 7663938 7669313 7709185 7713537 7717697 7721025 7721665 7723009 
V 770 327 24 118985 118996 119171 119197 119317 119380 119632 119903 120539 120783 120840 7602177 7610626 7635457 7647234 7653377 7656257 7656833 7684354 7685953 7688642 7713282 7723009 7746113 
V 182 12 22 118987 118996 119197 119573 120163 120220 120608 121033 7602177 7603521 7615233 7615297 7630913 7630977 7635457 7636289 7649217 7669313 7672513 7721281 7729537 7734018 
V 566 227 20 118988 118992 119008 119387 119493 120070 120195 120397 120898 7602177 7602241 7603137 7614658 7618626 7622657 7680705 7693505 7696897 7709378 7714625 
V 535 257 14 118988 118997 120154 120602 120769 120913 7606401 7618946 7639809 7684289 7689217 7693697 7705345 7745538 
H 938 6 118989 119815 7615681 7616513 7664386 7730561 
H 284 9 118992 119008 119304 119519 120582 120803 7624449 7717057 7718081 
H 391 10 118992 119236 120912 7631618 7648705 7656194 7656449 7672513 7693377 7729346 
H 393 10 118992 119884 120132 120395 120541 7612481 7639873 7655681 7690433 7708994 
H 520 7 118992 119133 120275 7603265 7622786 7636289 7689025 
V 344 20 28 118992 119002 119073 119137 119200 119239 119322 119573 119815 119880 120207 120460 120465 120539 120795 120800 120923 7603201 7606338 7610434 7614849 7632513 7632705 7680129 7692866 7713857 7729922 7730945 
V 336 405 20 118992 119002 119373 119573 120008 120029 120144 120453 120543 120777 120788 121057 7618626 7628993 7639617 7656449 7685825 7689217 7690049 7709378 
H 170 6 118996 7614722 7627330 7688641 7710337 7737858 
H 486 7 118996 119899 7602497 7631362 7656129 7709953 7737794 
H 682 8 118996 121033 7626754 7655938 7696897 7710913 7714497 7714561 
H 743 10 118996 119245 119313 120453 7602177 7602241 7610497 7610945 7681857 7713089 
H 913 13 118996 119495 120476 120513 120864 7606657 7647234 7669377 7696769 7697154 7705346 7716866 7739329 
V 105 243 26 118996 118998 119041 119073 119238 119495 119639 119773 119873 120021 120269 120649 7615041 7618882 7624385 7626946 7631681 7635458 7663682 7663746 7663874 7668098 7693505 7696450 7709378 7746306 
V 173 681 20 118996 119008 119564 119574 120137 120278 120867 7603137 7620417 7624385 7631681 7635202 7651457 7684481 7685825 7685889 7690177 7705345 7717186 7723201 
V 965 102 18 118996 118998 119302 120259 120648 7603521 7606657 7606785 7619009 7619394 7636289 7636801 7672066 7704769 7713345 7718657 7737793 7738177 
V 628 882 16 118996 119002 119201 119493 119560 119746 119898 120775 7614785 7635137 7635777 7647297 7668418 7671873 7680577 7713537 
H 197 14 118998 119234 119510 119873 119895 120003 120477 121035 7623617 7623873 7636289 7653313 7672321 7729346 
H 229 9 118998 119005 119380 119559 119647 119763 7710913 7745986 7746945 
H 251 10 118998 119746 119831 120012 120479 7602177 7647362 7655810 7668418 7672193 
H 275 13 118998 120019 120029 120265 120474 120795 121040 7610626 7635458 7639873 7673665 7681729 7681793 
H 483 9 118998 119554 7606529 7619330 7620225 7632513 7692353 7706049 7708673 
H 629 12 118998 119197 119324 120395 120652 7606594 7607489 7615041 7618754 7622722 7721089 7733761 
H 761 14 118998 119573 119813 119820 120027 120223 120659 120912 7616065 7657217 7664386 7672193 7693505 7745538 
H 887 12 118998 119043 120221 120517 7608001 7636289 7636801 7639297 7663617 7689153 7721089 7721474 
V 401 813 26 118998 118999 119002 119313 119583 120474 120513 120925 7610497 7614849 7619393 7620417 7627202 7640833 7655937 7663617 7668161 7668418 7669569 7672193 7704705 7709249 7721026 7721666 7729410 7731137 
H 77 7 118999 119238 7622722 7656130 7713089 7713346 7745794 
H 983 7 118999 119185 119829 120275 120795 7632193 7705089 
H 211 13 119001 119493 120277 120387 120474 7616513 7624385 7627586 7684929 7692546 7718849 7734593 7745666 
H 933 8 119001 119263 120272 7604225 7669569 7686337 7709185 7733313 
V 544 716 24 119001 119139 119297 119907 120095 120201 120260 120543 120844 120864 120912 7602626 7620417 7632513 7639617 7653313 7664001 7664321 7681217 7682113 7709058 7734081 7737665 7745921 
V 422 494 24 119001 119109 119623 120134 120201 120460 120653 120867 121040 7603521 7607873 7610434 7619585 7627329 7668993 7672514 7681217 7696705 7713218 7723073 7729346 7729665 7733698 7738113 
V 825 697 22 119001 119051 119373 119578 119831 120070 120897 7602241 7603265 7603393 7614977 7622721 7635137 7655938 7656705 7663617 7664897 7668418 7672833 7673409 7694337 7709378 
V 503 774 18 119001 119005 119258 119573 119831 120085 120544 7602241 7635458 7636801 7639361 7655681 7655938 7668545 7696897 7708802 7710401 7747393 
V 968 683 12 119001 119002 119507 120395 7606721 7608257 7614978 7623041 7652417 7672833 7729537 7738049 
H 122 4 119002 119745 120419 7746817 
H 141 5 119002 119391 119641 7657025 7738305 
H 671 10 119002 119007 119311 119903 7630913 7631681 7632129 7693505 7696514 7730497 
V 249 661 28 119002 119067 119121 119238 119388 120260 120587 120671 7602753 7622850 7623617 7641281 7656449 7671873 7673857 7681217 7681729 7682113 7688642 7694529 7696833 7710017 7721665 7721729 7729921 7733697 7737345 7739457 
V 151 689 20 119003 119008 120775 7602945 7607617 7614466 7615042 7620033 7626754 7627330 7632321 7657025 7664833 7668929 7682049 7684865 7717569 7721474 7734081 7737601 
V 898 419 12 119004 119067 119200 119236 119240 119377 119567 121045 7619138 7634945 7729985 7745538 
H 301 13 119005 119632 120220 7602434 7606529 7639489 7653377 7688385 7718657 7721666 7721730 7737346 7738689 
H 864 12 119005 119820 120267 7614529 7615489 7635457 7656002 7681793 7694081 7704705 7705601 7710785 
V 359 71 16 119005 119042 119510 119843 119903 120481 120483 120541 7602177 7602178 7665345 7669569 7673153 7673281 7704705 7709249 
H 896 11 119007 119056 119623 119632 120417 120460 120517 120769 7696705 7706305 7712770 
H 196 14 119008 119203 120015 120608 120776 120788 120919 7607617 7651713 7664065 7665857 7680257 7684674 7721025 
H 791 7 119008 119372 7624641 7647233 7708673 7723201 7729857 
H 908 8 119008 119109 119176 119236 7631873 7704962 7729346 7737601 
H 922 9 119008 120275 120395 7610626 7632449 7664193 7672897 7690433 7718273 
V 402 993 26 119008 119009 119380 119641 120201 120463 120581 120781 120864 121046 7607937 7614593 7614785 7622850 7623105 7624705 7628161 7628481 7636289 7669121 7680705 7689217 7693313 7706049 7713281 7746113 
V 226 834 18 119008 119073 120021 120150 120784 120788 7603457 7606529 7610497 7614977 7615233 7620033 7627202 7640257 7640641 7649473 7717634 7737601 
V 214 630 14 119008 119041 119067 119317 119493 119815 120776 120867 121029 7628737 7639617 7664321 7684610 7745794 
H 9 11 119009 119564 120464 121056 7615041 7619009 7631234 7655682 7680514 7713026 7716930 
H 348 12 119011 119245 119377 119507 119628 120215 120460 120777 7603393 7607105 7668161 7710273 
V 204 392 28 119041 119067 119299 119569 119831 120147 120150 120260 120465 120469 120483 7610945 7628481 7635329 7639617 7669569 7672322 7672513 7680514 7684418 7688642 7692546 7696898 7704962 7709697 7712770 7737665 7746817 
H 326 6 119043 120215 7631426 7665345 7689921 7729857 
V 384 85 14 119044 119073 119632 119889 120395 120644 120927 7610562 7623106 7627329 7653569 7668418 7693697 7709185 
V 428 871 16 119046 119055 119493 120646 120833 7602241 7611137 7614785 7632321 7634945 7635649 7684226 7684289 7709761 7722241 7745793 
V 388 407 22 119048 119109 119113 119136 119815 120070 120260 120580 120864 120908 121040 7627073 7631234 7639426 7649473 7655810 7672513 7672577 7692354 7696705 7721410 7723009 
V 269 773 14 119052 119073 119132 119493 119647 119884 120599 7641281 7705282 7705345 7706049 7712898 7733377 7737793 
H 63 8 119055 120079 7603969 7607617 7639873 7684865 7688642 7696962 
H 778 7 119057 119171 119328 119899 7663746 7663874 7718081 
H 819 7 119057 119297 119372 120137 7603905 7612481 7680514 
H 536 8 119059 119519 7610945 7639873 7705345 7710913 7718593 7747393 
H 987 10 119063 119831 119899 120005 120853 7606274 7636801 7653313 7673665 7712770 
V 153 665 26 119063 119073 119317 119380 119495 119564 119874 120465 120479 120514 120533 7602370 7607617 7616065 7618946 7632513 7635329 7635457 7663618 7663682 7668097 7680514 7704641 7704770 7730945 7739201 
V 271 2 16 119066 119135 119236 119297 119494 119623 120132 120134 120479 120922 7602177 7610369 7627074 7665857 7667777 7689025 
V 523 999 10 119066 119072 120396 120481 121053 7602369 7615681 7635009 7698497 7718465 
H 669 9 119067 119260 119304 119507 119820 120479 7631170 7635010 7718657 
H 755 12 119067 119245 7623617 7627713 7628481 7631361 7648449 7656449 7704962 7721410 7723201 7730945 
H 811 8 119067 119623 120276 7627266 7640321 7672833 7688897 7746369 
H 843 6 119067 7622721 7632513 7632897 7705282 7706369 
H 874 7 119067 119361 120867 7603201 7692801 7708994 7735361 
H 890 14 119067 119317 119505 120647 120795 7620353 7647938 7684481 7693953 7708865 7709249 7729921 7738561 7747137 
V 162 289 28 119067 119073 119298 119568 119573 119827 120086 120150 120449 120451 120601 7603137 7610498 7618946 7622850 7657025 7667778 7671873 7693058 7696897 7713282 7716993 7721345 7721410 7721985 7722753 7737793 7746945 
V 234 590 18 119067 119073 119364 119558 119746 120513 120840 120905 7606529 7612161 7619394 7623169 7639809 7684289 7689025 7696705 7709378 7745666 
H 13 13 119069 119302 120199 120673 7603649 7623937 7626882 7647618 7668098 7672193 7697345 7718593 7721025 
V 51 796 28 119069 119073 119197 119201 119236 119240 119367 119638 120771 121032 7607489 7610497 7620033 7620417 7624705 7636033 7639873 7656449 7668098 7669569 7673409 7685825 7692353 7696450 7721666 7729921 7733570 7745538 
H 283 8 119072 119519 120479 120646 7614849 7622978 7624641 7665345 
H 332 7 119072 119328 120578 7610945 7615042 7635329 7663874 
H 557 14 119072 119564 120227 120263 7612161 7620417 7624065 7655681 7656130 7669441 7672577 7692290 7693121 7745665 
H 831 10 119072 119495 120411 120539 121045 7632129 7655618 7669569 7692801 7710913 
H 176 6 119073 119195 7624705 7652801 7734273 7737665 
H 768 12 119073 119380 120588 7606594 7623617 7624257 7627586 7639617 7673217 7680705 7693505 7746242 
V 686 960 26 119073 119107 119181 119623 119746 120012 120532 120539 120785 7602178 7603585 7606785 7610433 7615041 7615233 7626882 7664321 7684226 7688449 7692801 7693569 7705346 7708930 7717121 7721538 7747393 
V 901 979 12 119073 119109 119124 119196 7610945 7624705 7671873 7680833 7696705 7708866 7709185 7745538 
V 427 363 10 119073 119109 119641 7614722 7616193 7618882 7619969 7704705 7710657 7714113 
H 5 12 119105 120259 7602625 7614658 7615169 7631297 7631681 7635074 7635458 7648705 7664641 7721729 
H 103 12 119109 120008 121052 7653313 7655810 7685953 7688642 7693057 7708994 7721665 7731009 7738305 
H 276 5 119109 119884 120537 7631297 7671809 
H 294 14 119109 119200 119633 120291 120399 7620417 7627522 7664193 7680066 7681793 7684545 7717634 7734977 7738305 
H 299 9 119109 119180 119557 119564 120477 7603521 7603777 7672897 7734337 
H 554 10 119109 119815 120545 7606274 7624513 7624897 7640705 7647681 7697409 7721089 
H 785 7 119109 121051 7603137 7623106 7655873 7745538 7746817 
H 907 11 119109 119523 119746 119763 119769 119827 7616577 7639169 7668417 7673409 7730945 
V 929 101 26 119109 119297 119493 120275 120277 120407 120605 120777 120848 120897 121050 7608385 7611777 7619393 7620673 7624705 7628609 7635265 7639617 7669313 7684289 7689665 7692610 7710913 7733634 7737410 
V 434 199 20 119109 119172 119493 120456 121056 7603393 7631681 7635074 7635649 7655682 7672066 7688770 7690177 7704705 7709185 7713090 7713217 7722753 7731265 7737793 
V 250 517 18 119109 119117 119302 120416 120578 120652 120660 120785 7604033 7604225 7619330 7620417 7635329 7694081 7698497 7709633 7717185 7721089 
H 106 11 119110 119907 120070 120532 7624641 7627202 7641281 7648065 7663617 7671938 7672130 
H 645 14 119111 119172 119185 119264 119647 120651 120795 120857 7657665 7664066 7685953 7692801 7712770 7721025 
H 519 7 119116 119584 119820 120021 120207 7603201 7627458 
H 638 14 119123 119495 119644 120271 120404 120513 120517 7635522 7663746 7690305 7704961 7709185 7712770 7746241 
H 836 14 119123 120150 120207 120461 120534 120539 7602434 7610626 7618882 7619521 7653313 7688193 7696705 7745794 
V 263 94 28 119123 119174 119259 119510 119899 120195 120271 120468 120775 120922 121056 7606657 7619330 7622913 7640833 7647233 7672513 7688514 7696961 7710913 7717057 7717442 7721410 7722561 7729537 7729921 7738561 7747265 
H 73 9 119125 119201 119245 120259 120287 120417 120785 121033 7610497 
H 679 12 119127 119323 120137 120289 120661 7610626 7614785 7634946 7649473 7680514 7705793 7721474 
H 616 12 119129 119245 119372 120070 120861 7620033 7628481 7639362 7713026 7717442 7721666 7733314 
H 379 6 119131 120207 120289 7639810 7672257 7713282 
H 411 12 119132 119304 120017 7606658 7623106 7634946 7635458 7688642 7692417 7696897 7706049 7734465 
H 863 9 119132 119315 120008 7624705 7630977 7664129 7708993 7721474 7746049 
H 844 10 119135 120199 7602369 7606657 7620289 7624001 7627073 7651842 7684865 7738625 
V 974 542 12 119135 119201 119304 119820 120131 7624705 7672833 7680705 7690433 7722689 7737474 7746817 
H 277 13 119171 119249 119632 120194 120207 7615425 7615489 7618882 7635265 7636033 7663874 7671873 7673473 
H 361 10 119171 7640257 7641153 7652801 7663874 7671874 7688322 7733378 7746050 7746113 
V 40 80 22 119171 119185 119380 119519 119573 119777 119878 120021 120591 120775 120864 120897 7631681 7655618 7656897 7664321 7690433 7696897 7708994 7713089 7734273 7737665 
V 585 198 18 119171 119191 119203 119564 120653 121040 7606529 7622850 7630913 7631681 7664386 7672897 7692801 7696641 7718593 7721218 7729154 7729346 
H 526 9 119172 119319 119380 119497 119815 7626881 7627137 7663873 7721666 
H 569 5 119172 119809 121056 7685953 7693505 
H 597 9 119172 119897 120199 120777 7604033 7624449 7647425 7705601 7718849 
V 952 459 20 119172 119174 119185 119313 119632 119635 120147 120387 120652 120867 121044 7623041 7632257 7647234 7651714 7688385 7721665 7729537 7733570 7746817 
H 430 9 119173 120225 120644 120653 120849 7602178 7602881 7618817 7745666 
H 530 11 119174 120535 120641 7603265 7608257 7627330 7628545 7689153 7696705 7745921 7746945 
H 642 5 119174 120093 7664129 7673089 7717442 
H 917 7 119174 119575 120260 120405 7624705 7685825 7735361 
V 892 578 10 119174 119197 119317 119554 7603137 7626881 7630913 7652801 7696450 7716865 
H 867 13 119175 119319 7602433 7603521 7610497 7619585 7636289 7640833 7656449 7689025 7690433 7705601 7746049 
H 396 9 119177 119880 120259 7620417 7623234 7628033 7663874 7688897 7696897 
H 905 11 119179 120012 120163 120199 120397 120474 7610689 7627586 7688642 7712769 7718593 
H 1 7 119180 119297 119835 120535 7651649 7735105 7746241 
H 28 14 119180 119195 119641 119746 120201 120535 120898 121040 7620545 7624705 7648705 7684289 7685121 7712770 
H 367 13 119180 119315 119363 120275 120513 120598 120901 121051 7611777 7635329 7647233 7657025 7706049 
H 969 14 119180 119249 119895 120416 7614849 7619009 7620417 7626882 7627073 7663746 7664065 7669825 7671810 7746113 
V 619 108 28 119180 119203 119236 119814 119895 120662 7602178 7619009 7619393 7619585 7622721 7622850 7628225 7639170 7640257 7680257 7681025 7684801 7688513 7688642 7689025 7689921 7689985 7690433 7696450 7721474 7730945 7734849 
V 930 949 18 119180 119201 119564 7602306 7632065 7634946 7639169 7647234 7652801 7656833 7681217 7681729 7684226 7704897 7709378 7716865 7733313 7734273 
V 918 934 16 119180 119201 119251 119641 119831 121056 7603521 7655490 7655873 7671873 7672897 7684226 7706305 7715009 7734721 7745665 
H 213 8 119183 119238 119328 120020 7607681 7635649 7653313 7705601 
H 546 14 119183 119641 120479 120483 120864 7602497 7614658 7681409 7692609 7693121 7710401 7721154 7734273 7745666 
H 644 12 119183 119519 119564 120903 7610497 7631234 7641281 7663617 7673409 7717633 7730945 7745665 
H 559 13 119185 119895 120079 120517 120539 7602178 7640705 7655618 7663617 7684226 7685697 7717569 7729537 
H 300 13 119190 119567 119884 119899 120079 120285 120605 7614529 7619009 7627330 7651649 7655681 7717953 
V 932 270 24 119190 119236 119243 119245 119363 120479 120655 121040 7602369 7614977 7618626 7619393 7624705 7639105 7652161 7655938 7663746 7665217 7669569 7689025 7697729 7704705 7705282 7709442 
V 973 373 20 119191 119203 119880 120079 120137 120201 120227 120395 120605 7616193 7618626 7619009 7636033 7648961 7657025 7706049 7708673 7714433 7722817 7734721 
V 872 259 22 119193 119195 119302 119510 119623 119770 119895 120008 120479 120535 120601 120867 7607617 7630850 7632321 7635329 7656130 7663745 7684865 7689793 7706305 7717441 
V 977 72 24 119194 119233 119245 119507 119556 119815 119884 120401 120456 7618689 7622849 7627073 7635649 7639105 7655681 7665345 7672065 7672066 7673089 7685825 7697090 7721026 7737793 7745921 
H 602 5 119195 119254 120783 7663874 7668418 
H 614 11 119195 120582 7611777 7626881 7647553 7649473 7656257 7685313 7709442 7714433 7734273 
H 849 8 119195 7610625 7614658 7614914 7680257 7713089 7713282 7721474 
H 34 12 119197 119519 120283 120514 7614785 7632513 7635458 7639873 7640833 7729346 7729922 7746113 
H 75 7 119197 119903 120476 7603457 7628481 7667906 7713026 
H 347 10 119197 119639 119746 119763 119877 120026 120775 7721729 7729921 7745665 
H 626 5 119197 120027 7602241 7622722 7681665 
H 893 7 119197 120774 120775 7602241 7627330 7669313 7704642 
H 951 11 119197 120390 120460 120541 7607041 7611777 7623041 7627586 7632321 7636033 7692290 
V 341 894 28 119197 119245 119380 119505 119746 119873 119894 120070 120271 120514 120669 121051 7604225 7622721 7622850 7623041 7639873 7640385 7655681 7656769 7673409 7680770 7681217 7696706 7716865 7721154 7721474 7721665 
V 371 705 22 119197 119200 119238 119578 119873 120597 120675 7602626 7619073 7619393 7627586 7632321 7664065 7668737 7672513 7680514 7681793 7685505 7689217 7709249 7729154 7734273 
V 161 131 14 119197 119236 119573 120090 120652 120917 121051 7602178 7618946 7632449 7655681 7656130 7680705 7737858 
H 279 9 119200 120397 120605 121045 121056 7652801 7667777 7713089 7721025 
H 456 11 119200 119815 120201 120483 7620225 7623745 7624385 7636929 7684289 7696833 7738177 
V 67 840 26 119201 119297 119895 120134 120271 120602 120607 120790 7602946 7606529 7611777 7614849 7619393 7624385 7639490 7656257 7669313 7680961 7684289 7684865 7688897 7696386 7705282 7721729 7729538 7730945 
V 915 662 22 119201 119238 119639 120474 120513 120518 120602 120656 120788 7606657 7614658 7614722 7616193 7636033 7636289 7649217 7653569 7657025 7673665 7684418 7696705 7722753 
H 230 6 119203 119245 119573 119879 120646 7651457 
H 416 14 119203 120217 120609 7606721 7612481 7622721 7623233 7631681 7635329 7651586 7663874 7680769 7737409 7745921 
H 596 9 119203 119746 120134 120476 121030 7627202 7631681 7672193 7672513 
V 266 818 18 119203 119264 119315 120278 120410 120412 120539 120605 7616577 7619393 7620225 7631234 7688641 7696897 7708994 7713026 7729154 7729346 
V 484 928 14 119203 119263 120090 120836 7610818 7619009 7620801 7639169 7655681 7663746 7668161 7673665 7680257 7693505 
V 221 306 10 119203 119238 119240 119385 7606785 7619009 7622850 7631425 7745665 7746305 
H 748 5 119235 119327 119520 7606722 7626881 
H 159 10 119236 119298 119554 120646 7615169 7623041 7630913 7669569 7738305 7747201 
H 370 12 119236 119820 120662 7610945 7639618 7647234 7669057 7669569 7690433 7692609 7730945 7738817 
H 784 5 119236 119510 7614658 7692801 7706433 
H 850 8 119236 120076 120474 120785 120795 7620417 7723201 7737665 
V 426 622 20 119236 119237 119880 120136 120150 120406 120474 7602370 7618818 7623681 7624641 7656257 7657089 7673089 7692546 7704577 7705601 7723009 7734209 7737601 
H 480 13 119238 119555 119746 120097 120460 120541 120779 120929 7631425 7632193 7635393 7655745 7706305 
H 604 9 119238 119319 119746 7632321 7647618 7685121 7721474 7734721 7745729 
H 713 7 119238 119319 119385 7636033 7652545 7667778 7704705 
V 224 961 14 119238 119263 119510 120260 7626882 7640257 7648002 7668161 7671809 7680257 7680705 7682049 7684226 7708673 
H 48 11 119240 119497 119623 120150 120205 120649 120867 7615233 7684226 7705601 7713282 
H 707 10 119240 119564 120602 120662 120769 120788 7610881 7656130 7680705 7713153 
V 231 858 24 119240 119245 119507 119554 119907 120532 120644 120769 7602369 7606849 7610946 7618946 7622850 7624641 7635329 7656257 7668418 7680257 7680705 7684610 7692610 7714433 7723009 7737345 
H 931 8 119245 119747 120287 120463 120474 7682113 7721729 7745921 
H 971 5 119245 120541 7639169 7655810 7721666 
V 133 800 24 119245 119304 119375 119843 119892 120079 120463 120541 120785 7614658 7618882 7620417 7627329 7627586 7631297 7639617 7648513 7690433 7696770 7705921 7718145 7734721 7738305 7746817 
V 297 330 22 119245 119298 119492 119510 119631 120092 120134 7602753 7606977 7610626 7615041 7619330 7631234 7655426 7656130 7672066 7681985 7696705 7698433 7709185 7717889 7733313 
V 866 146 20 119245 119297 119313 119317 120199 120259 120409 120479 120514 7604033 7623041 7630913 7656833 7657025 7680577 7688961 7706177 7721665 7729154 7729665 
H 706 13 119247 120513 120545 7606785 7614530 7618882 7626882 7636993 7684610 7696705 7706689 7712770 7734529 
V 466 417 12 119249 119264 119773 120029 120160 120460 121033 7612481 7623041 7632513 7656449 7680514 
H 900 11 119252 119641 120029 120083 120601 120801 7624385 7635266 7685889 7733633 7733825 
H 272 10 119257 7610497 7620673 7623041 7635457 7636801 7673665 7718657 7721666 7746113 
V 651 171 18 119257 119317 119321 119322 119497 119567 119623 119827 120079 120476 120835 7631681 7635329 7651458 7656897 7667969 7698369 7713026 
V 236 138 24 119261 119298 119573 119831 120541 120593 120608 120769 121033 7606657 7615681 7616577 7618882 7626882 7632513 7635330 7636801 7657665 7664641 7672066 7688450 7710913 7713474 7733953 
H 305 11 119263 119881 120260 120608 121043 7610433 7647298 7656130 7663682 7684673 7718529 
H 356 7 119263 119895 120091 7704833 7709185 7710657 7734273 
V 534 857 20 119263 119297 119493 119763 119828 120207 120224 120777 120779 121047 7606978 7672641 7682113 7693505 7696833 7696897 7717378 7721729 7729921 7735489 
H 203 9 119264 119833 120775 120777 7606465 7614658 7632321 7734273 7745921 
H 667 7 119265 7610946 7627073 7665345 7681793 7710913 7733313 
H 970 10 119265 120220 120483 120547 7615681 7656257 7680578 7681729 7704833 7737793 
H 296 12 119267 119899 7615681 7635713 7665345 7667970 7668418 7684802 7685825 7690433 7696833 7733505 
H 268 5 119297 121047 7603521 7614722 7737345 
H 292 11 119297 120089 120385 120413 7610370 7616577 7635458 7639105 7653313 7685569 7721089 
H 435 10 119297 120029 7603521 7603841 7618626 7620353 7622850 7668417 7705153 7738177 
H 658 7 119297 120259 7618689 7652801 7672193 7721538 7733313 
H 677 12 119297 119315 120277 120463 7603521 7640705 7647745 7651713 7665857 7704834 7705985 7721665 
V 911 529 16 119297 119302 119581 120079 120601 120783 7602370 7618626 7631169 7668161 7672577 7680065 7681729 7713026 7729857 7746050 
V 116 759 16 119297 119302 119641 120079 120099 120395 120867 7602945 7630913 7639169 7641153 7653377 7673409 7680514 7694145 7713282 
H 369 9 119298 119372 119632 119750 119899 120195 120545 7622913 7747393 
V 744 15 28 119298 119557 119623 119815 120026 120470 7602241 7612417 7618882 7627585 7636289 7639617 7640513 7656001 7656130 7656194 7657025 7672001 7672897 7688897 7689025 7692546 7706689 7710913 7721665 7745665 7746113 7746561 
V 833 562 22 119298 119382 119495 119507 119572 120134 120396 120473 7606785 7610818 7620417 7624385 7628481 7631554 7665409 7668481 7669569 7689601 7693505 7693633 7721666 7729921 
H 92 12 119302 119380 120137 120481 7603137 7619330 7619393 7627329 7640833 7730497 7730945 7745602 
H 145 13 119302 120645 120931 7615233 7624257 7624705 7639617 7663682 7667777 7680705 7713089 7733313 7738753 
H 489 7 119302 119821 119841 120153 120652 7664386 7717122 
H 767 6 119302 120609 7623426 7689025 7746049 7747393 
H 978 9 119302 119748 119773 119887 7602369 7649473 7655810 7689537 7705601 
V 731 37 14 119302 119319 119554 119884 120067 120583 7610817 7628993 7655937 7681217 7708866 7709378 7733954 7735041 
H 442 9 119303 119328 120471 7619393 7635457 7663745 7668161 7738305 7738625 
V 699 564 10 119304 119503 120070 121047 7602369 7655681 7672322 7690433 7721666 7733377 
H 533 10 119309 119510 119641 121040 7612353 7626882 7632321 7673665 7713601 7737345 
V 438 846 26 119312 119325 119495 119573 119880 120144 120277 120401 121029 7602241 7603521 7607681 7611841 7623617 7649217 7657025 7664065 7668993 7712770 7713282 7718849 7721089 7729346 7729921 7730561 7745666 
V 794 134 22 119313 119380 119495 119581 119763 120070 120409 120649 7620673 7624065 7631681 7636033 7636609 7651457 7655810 7668161 7672129 7684353 7689985 7721217 7723073 7737601 
H 605 9 119315 120007 120532 121047 7636289 7686145 7690433 7709185 7746113 
H 964 13 119315 119328 119329 120150 120532 121047 7619073 7620033 7631681 7668801 7680257 7713282 7717185 
V 635 762 12 119315 119493 119756 119884 120213 120468 120543 120769 7631234 7663874 7729922 7746113 
H 431 6 119316 7620161 7626882 7692546 7704578 7721665 
H 352 10 119317 119623 119820 119873 120653 7616065 7616193 7641153 7721218 7745794 
H 451 12 119317 119746 119829 119884 120921 7619394 7639617 7653377 7668098 7705345 7705601 7731393 
H 821 9 119317 120207 120864 7614785 7615681 7681217 7688385 7704642 7705857 
V 624 382 20 119317 119372 120275 120532 7603265 7608257 7614977 7620289 7627202 7636033 7651713 7663874 7665345 7668161 7668737 7718209 7721282 7721474 7722241 7730433 
H 212 8 119318 119380 120278 7611393 7614977 7639553 7663809 7721282 
H 255 9 119319 120193 120543 7606338 7608257 7624705 7631681 7704833 7734081 
H 959 5 119319 120608 121056 7628801 7729346 
H 132 6 119322 120663 7631297 7665025 7733250 7734273 
H 286 14 119328 120070 120201 120541 120667 120897 7612481 7653313 7655810 7671873 7688642 7688897 7718081 7723009 
V 715 238 18 119328 119380 119641 120199 120273 120783 120897 7614977 7616129 7618882 7639169 7664897 7672066 7672577 7673921 7684226 7717250 7746817 
H 201 13 119329 119372 119577 119880 120396 120460 7602946 7603137 7608321 7618690 7656001 7717377 7721474 
H 33 5 119366 120777 120797 7651521 7733378 
H 473 8 119372 7610562 7616129 7619394 7623106 7641281 7693505 7713089 
H 107 6 119377 120134 120278 7663746 7669377 7718593 
H 694 5 119377 119815 121055 7602178 7647297 
H 820 10 119379 120259 120277 120543 7635457 7704705 7709249 7721665 7733761 7745538 
H 179 14 119380 120033 120150 120199 120220 120410 7602178 7681793 7688642 7709185 7713089 7731137 7737601 7747137 
H 556 6 119380 121047 7618946 7692482 7721665 7729346 
V 444 808 24 119380 119558 119773 119895 120199 120221 120259 120785 121045 7628993 7630978 7632513 7648321 7649281 7651713 7656130 7665857 7668161 7668418 7692802 7708994 7713537 7729922 7730945 
V 223 143 16 119380 119381 119900 120009 7602562 7614849 7628993 7636417 7649217 7672577 7673665 7680257 7686081 7688385 7705601 7716994 
H 148 12 119383 119507 120451 120545 7603137 7608257 7635458 7655745 7680706 7688642 7696450 7722177 
H 281 12 119383 120455 121051 7606785 7622850 7624257 7624641 7627073 7656449 7669313 7709249 7721089 
H 647 6 119386 120070 7616129 7635457 7721025 7721410 
H 308 5 119392 7612097 7623041 7664322 7733826 
V 633 498 14 119392 119489 119641 120145 121033 7631298 7632129 7635457 7651713 7656513 7696833 7708994 7746113 7746817 
H 775 13 119490 120271 120451 120531 120649 7619393 7626881 7628481 7672193 7680385 7706241 7717250 7718529 
H 22 14 119492 120451 7618562 7619009 7647234 7656897 7672193 7673537 7697473 7705090 7713026 7718529 7729601 7745538 
H 261 9 119493 120012 120071 7614849 7618882 7627585 7663682 7680577 7682049 
H 738 6 119493 120199 120261 120769 7628161 7714625 
H 325 6 119495 120271 120475 7610497 7616193 7631234 
H 729 12 119495 119641 119879 120395 7602369 7602370 7603201 7610626 7611138 7637185 7698049 7705282 
H 886 9 119495 119643 7602433 7606465 7620673 7652737 7665345 7672833 7680514 
V 580 464 16 119495 119554 119585 119763 120474 121047 121056 7604033 7618946 7624641 7631425 7635777 7647617 7655745 7746817 7746881 
V 68 589 12 119495 119632 120081 120474 120669 7610945 7614785 7685825 7688385 7713282 7713473 7714177 
H 439 8 119496 120460 121051 7627330 7668161 7688642 7708994 7746242 
V 447 461 26 119499 119519 119821 120134 120278 120608 121040 7616193 7618882 7619393 7619394 7623617 7627266 7641153 7651713 7655618 7656833 7663745 7665345 7681601 7693249 7697665 7713281 7714561 7722753 7730241 
H 718 10 119500 119905 120450 120474 120517 120675 7603393 7619393 7669313 7721025 
H 303 7 119507 120208 120602 120839 7614849 7639810 7706305 
H 687 9 119507 120465 120666 7615553 7619585 7672385 7673025 7713282 7729857 
H 692 7 119507 7610562 7612033 7628033 7640001 7708994 7723009 
V 920 547 20 119507 119557 119632 119751 119824 120160 120199 120415 120514 120534 120547 120592 120785 7610498 7615170 7619905 7622913 7640897 7710657 7722817 
V 27 114 28 119508 119517 119623 119753 119820 119895 120454 120545 120667 120897 7607489 7611457 7614849 7618626 7619969 7627330 7647937 7651585 7656130 7663617 7664833 7672897 7688513 7696450 7697729 7706305 7713282 7737793 
H 219 14 119510 119558 119572 120543 120779 7602881 7603137 7603393 7610690 7619649 7672897 7697729 7721089 7733569 
H 875 8 119510 120011 120611 120867 7622721 7664321 7709953 7733506 
V 512 449 10 119510 119515 119885 120201 7614978 7616065 7622721 7673857 7685825 7721793 
H 184 7 119516 120277 120581 121056 7623617 7704962 7714241 
H 672 7 119516 120539 7606529 7614594 7615233 7651522 7672193 
H 222 8 119517 119628 119746 120534 120779 7602370 7635649 7639042 
H 309 8 119519 120035 121025 7610497 7612609 7655554 7705345 7730945 
H 334 6 119519 119895 121040 7602177 7706305 7734273 
H 812 10 119519 119641 120395 120649 120795 7602241 7639233 7663617 7708801 7721089 
V 59 601 16 119519 119553 120220 120260 120474 120780 7632065 7639809 7647618 7657665 7672577 7709378 7709761 7710401 7738369 7746817 
V 981 631 14 119519 119571 120459 120847 7603521 7606657 7607553 7618626 7627073 7636289 7672385 7709249 7709378 7713282 
H 400 9 119520 120260 120864 7628417 7680577 7685185 7692610 7733570 7746945 
H 739 13 119554 119769 120160 120592 7608257 7618882 7619265 7632833 7705601 7718081 7723009 7734018 7746753 
H 747 6 119557 120395 120396 7603393 7653313 7688321 
H 463 11 119558 120029 120097 120397 120451 120465 120479 7616577 7651713 7718593 7721474 
V 424 912 24 119558 119623 119831 120467 120539 120867 7603201 7632513 7639617 7639809 7641281 7648833 7649217 7668418 7672513 7672769 7680705 7688642 7689281 7696577 7704961 7705282 7734721 7745921 
V 65 579 18 119558 119573 120386 120479 120543 120605 121043 7604033 7614785 7663745 7672513 7673665 7690433 7712770 7721666 7730625 7733442 7733761 
H 500 11 119560 120070 120203 120514 7603265 7610562 7718081 7721025 7721089 7729857 7738305 
H 506 5 119563 120262 7635329 7706305 7734273 
H 804 8 119564 119884 120419 120601 7607617 7628481 7697154 7718657 
H 827 8 119567 119820 119884 7655810 7667906 7694401 7718529 7737345 
V 985 180 10 119571 119620 7612481 7614849 7619009 7647489 7685953 7692674 7735489 7738305 
V 478 36 18 119572 119632 120538 120785 7602178 7602242 7604033 7610626 7610753 7631234 7631554 7656897 7689217 7709378 7710913 7723009 7729537 7730945 
H 83 14 119573 119831 119835 120451 120529 120598 7602370 7606849 7623617 7681729 7682049 7689921 7689985 7693761 
H 531 6 119573 7619585 7628225 7655618 7663617 7681473 
V 760 414 22 119573 119647 119820 119880 120207 120603 120608 120795 120864 7610562 7612481 7616065 7623233 7630914 7669313 7684865 7697089 7706049 7729346 7729921 7735041 7745921 
H 467 12 119579 120277 120649 7602177 7616193 7657665 7673665 7696833 7721729 7721921 7731393 7737601 
V 337 510 14 119580 119647 120396 121033 7619009 7620289 7640641 7651713 7680705 7685057 7706049 7710145 7729282 7731393 
H 925 8 119581 119815 120387 7671873 7673665 7685185 7685953 7745666 
H 822 7 119584 119817 120644 7636033 7684417 7705282 7719105 
H 17 5 119585 120397 7611777 7657665 7710273 
H 652 7 119587 120259 120795 7614529 7631297 7696705 7721025 
H 121 7 119618 119880 120515 7603137 7615169 7706177 7708673 
H 177 8 119620 120275 7611073 7639105 7669185 7672513 7721793 7733313 
H 43 5 119623 7641281 7685825 7714561 7746817 
H 110 6 119623 7602305 7619073 7632065 7664386 7710081 
H 972 12 119623 119905 120029 120773 121047 7607489 7619521 7628161 7652737 7664449 7681217 7681729 
V 126 338 18 119623 119632 120275 120476 120517 120595 7603777 7604033 7606657 7630913 7632065 7636801 7639745 7656257 7657089 7697090 7697793 7713026 
H 16 5 119624 120514 120785 7635649 7663617 
H 745 14 119629 119651 119884 120532 120662 120779 120788 7624257 7655745 7668098 7672578 7705345 7729857 7746114 
H 193 8 119632 7636289 7647682 7664321 7705345 7737793 7745665 7747201 
H 488 14 119632 120197 120608 7602370 7606529 7640065 7655553 7664001 7673409 7688897 7709953 7717441 7718593 7721409 
H 975 8 119632 120199 120605 120644 7607745 7619585 7635329 7692801 
V 763 664 20 119632 119746 119830 120517 120898 7622657 7623041 7624641 7628993 7632321 7632449 7639873 7653313 7655745 7655810 7668161 7672833 7684418 7692610 7721089 
V 398 916 10 119632 119645 119884 120131 121028 7610626 7612481 7635329 7636801 7708801 
H 29 8 119639 119873 7635905 7647938 7668418 7712897 7717442 7738305 
V 476 295 12 119639 119765 120260 7603137 7607745 7623106 7623170 7640257 7649473 7656257 7709250 7738433 
H 233 9 119641 119810 7608257 7627201 7627586 7647361 7648897 7651457 7669313 
H 421 9 119641 119763 120608 7627202 7627330 7647810 7649281 7671873 7672066 
H 39 9 119642 119873 120483 120769 7618561 7620609 7669569 7714433 7729922 
H 232 9 119647 120008 120029 120155 7607553 7627458 7628417 7640833 7655618 
H 317 5 119647 120069 120468 7641153 7709953 
V 607 66 14 119750 119812 119895 120012 120788 7611713 7614722 7627137 7656897 7668162 7722753 7729346 7745538 7745666 
H 771 14 119757 120532 7603009 7618945 7619394 7631234 7639746 7685889 7696897 7708801 7723201 7733313 7737345 7737537 
V 410 881 24 119761 119820 119843 120065 120079 120545 120769 120844 7603137 7607617 7630913 7632449 7635649 7636801 7647618 7653441 7664193 7665857 7692610 7696705 7705282 7717442 7718081 7729730 
H 14 5 119763 7607745 7626882 7641281 7672577 
H 45 7 119763 119820 7604033 7672833 7689985 7709378 7746306 
H 842 7 119766 120264 121025 121033 7606273 7632449 7738305 
V 157 835 22 119773 119815 119880 119898 120139 120653 121029 7602497 7614785 7619329 7634946 7663682 7665857 7669313 7672513 7690433 7712770 7721666 7733313 7737858 7739393 7746817 
H 944 10 119776 120534 7639362 7652993 7653377 7673537 7684674 7689985 7693505 7745665 
H 807 7 119814 120220 120396 120864 120912 7655810 7672577 
H 112 6 119815 120663 120911 7639105 7672577 7747393 
H 935 9 119815 120803 120867 7606529 7632833 7635329 7636161 7684226 7710657 
V 810 967 18 119815 120029 120079 120532 120543 120864 7619330 7636353 7636801 7639041 7648257 7651393 7651649 7665473 7672193 7681793 7721026 7737793 
H 377 7 119819 120008 7632449 7649089 7649217 7665857 7733570 
V 335 781 14 119819 119895 121056 7606785 7619009 7619137 7622850 7627010 7649217 7688962 7689857 7709889 7729665 7733634 
H 639 5 119824 7616129 7680257 7688705 7706689 
V 496 749 10 119827 119831 120008 120029 120072 120601 121033 7622721 7692801 7745538 
H 948 5 119831 7602625 7607105 7684865 7718977 
H 412 7 119836 120080 120131 7606657 7610817 7623106 7636801 
H 507 11 119841 120401 120532 120644 121040 7611201 7620673 7648705 7652801 7655618 7745666 
V 709 990 16 119841 120481 120605 121045 7602241 7624769 7626881 7635329 7655425 7664130 7665473 7672833 7684610 7714881 7718593 7722753 
H 81 12 119873 119880 120397 120463 7622850 7647362 7651649 7696450 7709378 7718913 7737793 7747777 
H 441 6 119873 120029 120035 120271 7619393 7634946 
H 730 6 119873 120534 7606529 7623041 7656897 7706305 
H 829 6 119884 120514 120787 7610497 7681729 7696962 
H 992 11 119884 120396 120476 7664386 7684610 7704833 7705282 7706305 7710273 7710657 7720961 
V 54 104 10 119884 120029 120473 7663617 7680705 7681793 7708737 7709953 7721537 7747393 
H 60 9 119895 120194 7610625 7669313 7672321 7688706 7713026 7716930 7729154 
H 354 6 119895 120474 120851 7610945 7632193 7708930 
V 175 586 12 119895 120134 121040 7606530 7623426 7624257 7624641 7632513 7672066 7681793 7692610 7729922 
H 690 7 119899 120388 7602370 7615298 7616193 7655745 7668097 
V 244 879 20 119899 120137 120215 7611777 7615041 7616577 7619265 7627586 7647553 7651457 7655554 7665857 7668033 7673409 7688897 7696450 7696897 7710657 7716929 7739137 
V 119 632 14 119899 120011 120261 120783 120908 7602177 7604225 7606529 7614658 7616577 7713282 7721089 7733761 7734273 
H 766 5 119900 7692801 7709249 7721153 7722753 
H 142 9 119903 120644 121041 7604225 7651393 7684610 7698241 7714049 7729921 
H 328 9 119903 7606465 7612481 7623873 7632129 7656449 7668098 7690433 7713729 
H 450 12 119907 120215 120397 7602562 7604289 7606785 7616129 7622850 7663746 7672897 7696450 7746817 
H 851 8 119907 120278 120897 7632513 7632833 7664065 7673409 7713282 
H 591 8 120012 120150 120918 121047 7624705 7688577 7696450 7723201 
V 595 172 18 120021 120079 120193 120205 120779 120867 121056 7602689 7610497 7627969 7636289 7640257 7647426 7649217 7669761 7715009 7737601 7738305 
H 7 8 120025 120070 120652 7611777 7612481 7624257 7656833 7734273 
H 593 8 120068 7614849 7627009 7628417 7632065 7656449 7709505 7729281 
H 440 8 120070 120131 120284 120396 7623042 7636673 7651393 7668482 
H 228 12 120083 120277 7602177 7606785 7612481 7656449 7664385 7665857 7668161 7671937 7746817 7747649 
H 387 13 120131 120541 120644 7610945 7618817 7619074 7640705 7657665 7663874 7672066 7680321 7688898 7710273 
V 897 698 14 120131 120150 120395 120665 121032 7603393 7620673 7635458 7647234 7657025 7689217 7696897 7704962 7705282 
H 448 5 120134 7627457 7664385 7696897 7713601 
H 346 7 120137 120150 7632449 7688769 7705345 7718977 7722049 
V 941 191 12 120137 120156 121045 7603265 7631681 7639298 7651457 7651841 7665345 7672066 7688642 7747393 
V 403 322 10 120145 120259 7624705 7648002 7681217 7709121 7718849 7721666 7737473 7737538 
H 704 12 120149 120201 120899 121039 121045 7619074 7630913 7640897 7664577 7681729 7708801 7713089 
V 452 832 24 120150 120199 120201 120403 120465 120517 120918 121026 7603905 7618946 7620673 7627586 7630913 7635521 7636801 7652609 7664321 7665729 7689601 7705026 7706305 7710273 7721666 7730945 
H 540 7 120151 120912 7616257 7632449 7648193 7708673 7734018 
H 420 5 120156 7603521 7653377 7672833 7738625 
H 742 7 120161 7618946 7619394 7626882 7627586 7632321 7636033 
V 310 264 12 120199 120281 120389 120537 120611 7619969 7640257 7651457 7652673 7665473 7689985 7737601 
H 174 7 120201 120838 121045 7603137 7614977 7656833 7692545 
V 668 215 14 120207 120390 120395 7603137 7603393 7610945 7639809 7672193 7672578 7672833 7680514 7680705 7722241 7737794 
H 727 8 120217 120260 120397 120793 121033 7704962 7721474 7731201 
H 869 7 120221 120534 7614529 7635649 7652098 7745921 7746050 
H 955 6 120259 120776 7602242 7603393 7611137 7672897 
V 454 956 24 120259 120400 120785 120788 7606465 7615041 7627841 7632513 7639425 7647618 7655681 7663617 7672833 7673089 7681729 7685825 7696833 7705282 7706177 7708673 7709378 7712770 7733442 7745665 
H 610 10 120275 120929 7631297 7647809 7656257 7669441 7672578 7690241 7708673 7738305 
H 551 12 120277 120460 120788 7603393 7636033 7665281 7673409 7697601 7698113 7710657 7729921 7746945 
V 798 207 10 120278 120388 121040 7616065 7619265 7634946 7652801 7688257 7734081 7745538 
H 954 13 120283 120544 120656 7610945 7615169 7620673 7632449 7652353 7667970 7681217 7692481 7715009 7737921 
H 574 7 120396 120864 7649025 7684545 7692546 7706241 7745921 
H 724 8 120396 120517 7604417 7669697 7696450 7705345 7718529 7721474 
V 793 248 14 120396 120532 7631618 7632321 7635458 7647489 7663617 7664386 7685057 7713282 7722625 7734273 7737410 7746817 
H 178 9 120397 121056 7619905 7651393 7655681 7656257 7673089 7684865 7729858 
V 582 501 18 120451 120479 120535 7604225 7606338 7636033 7636801 7640513 7651777 7655938 7664321 7681729 7684226 7688450 7688961 7708801 7710273 7729922 
H 764 6 120460 120479 7652545 7663938 7672897 7688385 
H 803 12 120460 120479 7614466 7619394 7620673 7630913 7647234 7668098 7672066 7672513 7680514 7681473 
H 453 7 120461 120589 7619009 7622721 7627969 7734081 7746050 
V 600 598 10 120474 120517 120532 7618626 7627330 7631873 7729346 7745794 7745858 7747393 
H 691 5 120476 7608001 7627522 7709953 7733313 
V 321 571 22 120479 120541 120776 120777 120867 120931 7602369 7602562 7606465 7606593 7612481 7616321 7620353 7620673 7639553 7639873 7651649 7669953 7673665 7713346 7714433 7733313 
H 205 6 120481 7618946 7622722 7636289 7655810 7722753 
H 646 5 120481 7614785 7622977 7692801 7738305 
V 940 399 12 120513 120776 121033 7603393 7611393 7619394 7627330 7635458 7655810 7668161 7673409 7737857 
H 477 5 120517 120539 120777 7672513 7680961 
H 274 8 120519 7653377 7655554 7655938 7717185 7723009 7733570 7745921 
H 515 6 120521 121056 7616705 7651457 7651713 7737665 
H 220 5 120532 120783 7655745 7665281 7708673 
H 621 6 120582 120604 7603265 7653313 7656897 7721090 
H 575 6 120592 7603521 7681793 7692546 7704833 7737793 
H 802 14 120592 7602690 7603521 7614785 7619009 7631554 7632129 7664386 7665857 7668482 7669569 7684289 7745666 7747393 
H 826 7 120592 120608 120777 7635521 7709185 7709249 7745794 
V 660 487 14 120592 120779 120785 120795 121040 7614785 7627329 7665345 7665473 7696705 7696897 7705601 7717441 7745922 
H 293 6 120601 120611 7663937 7664386 7680577 7733761 
H 323 6 120608 120652 7681857 7698177 7714433 7745665 
H 493 5 120608 7709249 7713282 7729921 7746945 
H 914 6 120608 7639489 7651649 7668673 7696897 7729602 
H 678 6 120646 7603393 7639809 7647234 7653313 7737665 
H 787 8 120648 121031 7603201 7663617 7672066 7693505 7714881 7733313 
H 538 6 120776 7664129 7664321 7706625 7721025 7746817 
H 135 5 120785 7652993 7669505 7714433 7729473 
V 443 115 22 120785 120841 120918 7602434 7614849 7623361 7631618 7635969 7636289 7656449 7667713 7668418 7672001 7672513 7672577 7682113 7688193 7698049 7709249 7717442 7721025 7734081 
H 906 9 120857 120867 7610562 7615233 7619393 7624065 7626881 7636225 7721089 
H 722 5 7602178 7602369 7655810 7655937 7690433 
V 685 64 12 7602241 7606529 7606657 7610690 7622722 7623041 7627841 7663745 7669569 7705090 7721217 7734465 
H 655 6 7604225 7606402 7631681 7665857 7681217 7708738 
V 587 558 10 7606274 7611074 7614466 7623617 7640257 7657025 7673409 7729921 7729922 7730881 
H 733 7 7606529 7624321 7630849 7651457 7681793 7692482 7696705 
V 618 883 12 7606657 7611202 7612097 7626882 7630849 7648577 7656641 7712770 7713026 7713857 7723201 7737601 
H 357 6 7608321 7641153 7672066 7698625 7713025 7717825 
H 340 6 7614530 7663746 7709697 7718081 7729537 7734721 
H 859 5 7614530 7690433 7708994 7713282 7721666 
V 782 904 12 7614658 7619585 7631937 7635457 7636993 7648065 7652801 7664577 7665345 7665473 7738114 7745729 
H 989 5 7618946 7619969 7647809 7669569 7680706 
H 56 4 7636801 7656449 7704642 7718529 
H 772 6 7637185 7680322 7684226 7696705 7708994 7718913 
