750
189
278
404
509
565
584
648
649
723
734
8 10
856 982
524 620
701 318
525 165
124 657
55 927
666 237
527 84
884 750
254
319
329
333
491
504
728
732
815
942
976
721 615
150 513
988 383
376 984
355 838
128 710
640
32 953
696 418
479
49 674
676 824
374
995 521
828 806
780
260
865
304 307
725
623
342
360
362
425
702
792
986
528 573
958 758
563 47
495 353
684 331
603 980
127
599 390
736
939
814 797
446
673 69
113
139
314
475 200
152 445
549
572 518
4
11
19
62
167
209
298
588
613
680
754
779
878
963
543 511
288 465
95 753
74
100
349
663
923
25
202
468
567
830
855
256 481
474 252
789 919
125
186
58 720
290 350
192
280 816
516
194
395 548
490 30
98
408 553
44 413
783 253
3
89
136
315
650
852
889
924
966
31 26
96 168
592
790
606
877
372 91
550
130 703
93 583
505
433
555
991 740
287
312
358
627
853 285
693
636 608
532
149
514
708
339 88
190 79
24
187
217
429
860
888
936
873 415
765 99
188 147
6 18
752 788
799
469 837
245
21
719
432 0
70
241
320
378
497
570
594
712
997
470 409
458 670
156 612
737 695
206 343
945 53
950
994
23
654
41
389
455 137
82 717
909 659
282
862 891
854
462
169 847
643 937
240
714 751
160 61
364
457
541
140
839
769 996
577 46
118 471
90
216
351
560
576
809
921
52 482
273 365
123 711
291 117
568 324
625 144
158 910
87
164
561
746
552 634
998
805 943
801 903
777
267
208
436
42
183 242
375 163
185 946
368 537
311
111
239
313
472
485
499
899
735 386
675 345
437 609
545 385
246 637
757
947 129
247
302
380
786
109
38
316
776
880
926
817 617
868 57
870
861 795
97 902
78
50
181
210
258
406
423
508
539
656
688
756
841 653
35
154
265
460
502
823
962
726 394
641
895
86 700
957 876
120
225
235
381
397
611
741
845
848
195 155
76 492
366 218
166
581 262
885 522
770 327
182 12
566 227
535 257
938
284
391
393
520
344 20
336 405
170
486
682
743
913
105 243
173 681
965 102
628 882
197
229
251
275
483
629
761
887
401 813
77
983
211
933
544 716
422 494
825 697
503 774
968 683
122
141
671
249 661
151 689
898 419
301
864
359 71
896
196
791
908
922
402 993
226 834
214 630
9
348
204 392
326
384 85
428 871
388 407
269 773
63
778
819
536
987
153 665
271 2
523 999
669
755
811
843
874
890
162 289
234 590
13
51 796
283
332
557
831
176
768
686 960
901 979
427 363
5
103
276
294
299
554
785
907
929 101
434 199
250 517
106
645
519
638
836
263 94
73
679
616
379
411
863
844
974 542
277
361
40 80
585 198
526
569
597
952 459
430
530
642
917
892 578
867
396
905
1
28
367
969
619 108
930 949
918 934
213
546
644
559
300
932 270
973 373
872 259
977 72
602
614
849
34
75
347
626
893
951
341 894
371 705
161 131
279
456
67 840
915 662
230
416
596
266 818
484 928
221 306
748
159
370
784
850
426 622
480
604
713
224 961
48
707
231 858
931
971
133 800
297 330
866 146
706
466 417
900
272
651 171
236 138
305
356
534 857
203
667
970
296
268
292
435
658
677
911 529
116 759
369
744 15
833 562
92
145
489
767
978
731 37
442
699 564
533
438 846
794 134
605
964
635 762
431
352
451
821
624 382
212
255
959
132
286
715 238
201
33
473
107
694
820
179
556
444 808
223 143
148
281
647
308
633 498
775
22
261
738
325
729
886
580 464
68 589
439
447 461
718
303
687
692
920 547
27 114
219
875
512 449
184
672
222
309
334
812
59 601
981 631
400
739
747
463
424 912
65 579
500
506
804
827
985 180
478 36
83
531
760 414
467
337 510
925
822
17
652
121
177
43
110
972
126 338
16
745
193
488
975
763 664
398 916
29
476 295
233
421
39
232
317
607 66
771
410 881
14
45
842
157 835
944
807
112
935
810 967
377
335 781
639
496 749
948
412
507
709 990
81
441
730
829
992
54 104
60
354
175 586
690
244 879
119 632
766
142
328
450
851
591
595 172
7
593
440
228
387
897 698
448
346
941 191
403 322
704
452 832
540
420
742
310 264
174
668 215
727
869
955
454 956
610
551
798 207
954
574
724
793 248
178
582 501
764
803
453
600 598
691
321 571
205
646
940 399
477
274
515
220
621
575
802
826
660 487
293
323
493
914
678
787
538
135
443 115
906
722
685 64
655
587 558
733
618 883
357
340
859
782 904
989
56
772
